V1	V2	V3	V4	V5	V6	V7
8,95004040170588	4,47686185314284	8,37873117085701	6,61281065322971	5,29822118433783	498,315885804127	0,666799936159068
9,753236672282	5,36240727196685	9,09882182176283	7,09281728160739	5,15622092705533	500,861105488585	1,21851634456353
10,971724015017	4,80919255245465	9,06601645503009	6,97559691899663	6,62672772168999	500,645763505086	1,59262441899501
8,69271489571388	6,40859595136797	7,59520196805323	7,24518337816981	6,09470803087252	500,665807919823	2,38385089396846
11,0237006744831	5,77852331684827	9,11339122071292	6,62173726420764	6,17510071811448	500,374351219185	0,651962610031944
11,4992054794239	6,54715993328011	8,76123263645952	5,80685748126304	5,27723850065905	499,189907844386	1,01597464949423
9,59059498883812	6,06593592054568	9,53593624181003	7,87085827760173	6,55916299613741	500,318062499779	1,55277362027938
11,2738941404543	3,79758117798846	8,78921370462453	6,80053890401908	6,10556426185146	499,9509594603	-0,378183559080973
10,0045858013765	3,88119427100455	8,0610390881936	8,295686398401	7,06805656043354	500,303724422888	0,173367179616469
9,14020260749054	3,65464240123766	7,64712561918434	6,75292608121906	5,33263843527963	500,90452176684	1,21296196116424
10,243868360333	6,23201231545068	10,5942591451119	9,47344241559259	6,91771898454157	500,587907491199	0,886695284322086
10,0120772166385	5,18082103222923	8,60985009585058	5,74557035282225	5,42572556690605	498,755484070416	3,59342439031222
10,2664057586095	5,33746328862759	10,2733919233431	7,46231669083577	6,32320215838939	500,769649801914	1,03706596739116
10,7623478039063	6,08594122749081	9,11433734334339	7,45237856622271	6,17826088444604	499,478610942662	0,296645580399329
9,79184786387891	4,92968691244365	8,9628512007	6,66792036071354	5,30536392395761	501,042694241544	0,90807469726158
11,2699423030296	5,44503236171031	10,5116890100968	7,78267552160796	6,60085527236318	499,648777422344	0,455494293711008
9,40247665997355	4,73732580275891	8,19403373656961	5,40156986318663	5,38204087983471	500,236897103446	0,373073155825516
11,0457263328804	4,6737983260399	10,129609268293	6,18249438400297	5,27853497730952	498,437325202053	-0,0266774560912915
9,62979636821595	4,76028867579952	6,52607027652363	6,06965930608581	5,54840851760539	498,180693845128	-0,0899063248430498
9,5854071513243	5,78196000893199	8,97095728764077	8,87127608814458	7,95416893229778	501,630339061833	2,23596952579132
9,27910174037449	3,18442162918704	7,52376646923328	5,99863909993397	6,21119051260798	499,614305948686	1,11347236881038
9,97464951461646	4,84553967252787	8,72106451188058	7,13007585536432	6,07372926363539	499,475241915568	3,00003600839993
10,8482511447047	4,60101639279012	9,28734024285414	7,49549836674735	6,28660325323722	499,617075753851	1,66398939858448
9,02265936331195	4,96043136528617	9,48723518897112	5,80177075530565	4,36711262598769	498,409442564932	2,82501995316197
10,0498623932044	4,40380184688521	9,2482547592194	6,54462889953574	4,71560710597672	499,93277183033	1,44965158571469
10,3417303576522	4,87895899375711	8,05216307771176	5,80292870176565	4,61630318083055	498,034968728475	2,71402994864092
11,6074002583283	5,0316898913764	9,85939084858534	7,06355517788371	4,93535209380767	500,412574918216	2,3859987325224
10,6650458847129	3,09770371478857	9,07386299859829	6,61735165506936	4,80590773157609	500,393217033482	3,23400161720749
8,68115709440712	5,53841838068218	9,32888515457399	6,88248121407076	5,91812614106794	498,801782280017	2,22768541070515
10,2745832719938	3,90824586582742	8,39616968063474	5,81192537103007	5,88103124547017	498,466550687114	1,74836524087863
9,73729928457371	5,59070655233748	8,51867748670225	6,5409826753802	6,49143762724045	499,801068570631	1,3523212787962
8,13879106468601	4,32783551586233	8,86638847497666	7,40254998718639	6,16219191426562	499,573205874779	0,443894837943446
7,91663645879211	3,76059990966751	8,28358001071268	6,9752499019817	6,46333047259685	500,726579916641	1,5299459768248
9,47847240042775	4,2495124346875	9,22260954257488	6,44113342030839	5,03300107956554	498,92254844054	1,09448133111108
9,13354562037298	5,22242923815487	8,7689700258734	9,98857278036205	9,050968480375	502,688004321849	0,875405820390499
10,2254738457444	4,58457952215206	9,17731087729191	6,11534741386144	5,79419246934506	498,55152353229	0,783290027220609
7,79155540619167	5,05424293233599	8,42362120599093	7,29258005137449	6,28889779858304	499,308812999287	1,90305591030756
9,12212139863016	3,6397068567618	8,78138306720867	6,97646496581077	6,75452735998614	499,344652977065	0,567329489338721
12,0610563015561	5,18617800401984	10,2402290200618	6,37854222245552	5,26651307313742	499,713095009461	1,61480045315386
10,1206355719273	6,35531683618192	8,63738381375781	6,39016829227469	7,01758233166182	500,435533868272	2,63402819647587
11,1940722857604	5,6702288741758	10,9180677625242	7,26436782648645	7,49592953676496	500,28557977982	0,971603367968584
11,3170960678107	4,91493048317236	9,24563247731131	7,04632698043104	5,28042450526845	500,084568770595	1,7861791496824
8,84445390053617	4,54582105101227	8,66737379504725	7,37897135592643	6,5405038379416	499,765698574052	1,6862749349443
11,7296752098599	7,4667429886022	11,2533628192408	7,91941948722724	6,70321042444705	500,543279836907	1,71850398488784
9,42934734387809	5,64214426554513	9,16632019144519	6,94421617830498	5,9547086309608	499,51164911262	1,28940965453229
10,0348635252797	5,40311519593693	10,1462640061263	6,36133298156955	5,77291609556944	498,983308121555	-0,391269368352291
10,8001953639844	5,84320286833491	9,39430023496361	7,19848952740684	6,06413001259378	500,706049264025	-0,937114661250929
10,344628242265	4,63059437381028	9,25385118207551	6,81815346629569	5,21764675189849	499,697887804164	0,551357609121169
8,86491624618252	5,77718770303044	9,37596856075739	8,38915345073817	6,9714799715074	499,984531675267	0,92216994928908
9,41479602875802	5,86504881579404	9,1104796324145	7,6380407300733	6,32642342320882	500,711857172471	1,07868945825065
8,39765462712729	4,48507777241529	7,26809818637541	5,6660855140046	4,44515371017419	500,078669871798	-0,26762207003087
10,9477350127112	5,91898154786218	10,7179350244812	6,10326881363536	5,10471151168815	499,887114462199	1,03012389083355
8,83218911679867	3,97747658461099	9,05205106773217	8,71256943294286	6,49122594407724	501,20350625061	0,335188785364414
9,22503915551125	4,79482704662774	6,90337169340212	5,3554396073643	5,59139358010419	498,676882438668	1,55314714234729
11,5084048770573	6,87938584400854	9,65713015617292	6,35405299804282	6,17450147627592	500,131791767993	1,84277155731833
10,0025394616767	5,46474583940071	8,55279689374191	7,48501878956728	7,37597611733633	500,645875704893	0,395897492058222
9,97977867508413	5,44385070168093	9,62102541824587	7,38604583480339	6,31257147230908	501,114663339654	0,900195730313234
8,73949485387996	4,82194250912902	8,75376105132016	7,6245925366151	6,72112155432675	500,713585007376	1,31826529876195
8,92082992527044	4,9302226675079	9,02870736113201	8,15885771066505	6,10535359327033	499,625045381903	0,87807734327438
10,7491558657981	4,13494780777495	9,42475509486098	10,1282921211369	8,52935194131586	502,770723624024	0,656797684197606
12,2128363146175	4,52632118880966	10,6393073484921	7,15416468568281	7,04172954132981	499,143551843275	1,79317446004042
11,4853081586622	5,04382556217288	9,87479378783805	8,04595791947781	6,04923241577294	501,591045090846	0,415768633288827
7,99320610236589	5,06445382932007	9,2080184580838	6,8889051572916	5,97478176363633	501,172426027327	-0,0679366061036311
11,9932788438931	5,05650465303164	9,29635969415616	7,55535594169097	6,19318006882608	501,326272702732	2,53210770816768
10,4608269492806	5,09349138299455	9,19676544148949	5,90850578715755	4,85457267345125	499,436313338405	0,211189160573968
10,9049569877541	3,26296008939741	9,09337142398364	5,87786590269918	5,33264891680038	498,175633420968	-0,0588398901064693
9,68038255384138	3,8502252642192	7,89922408918856	6,47486271207346	5,14024646958594	501,144774146096	0,90796172972615
9,78288904427554	4,51200316061729	9,84020863568145	6,24952214430546	4,36972291582593	499,558058669596	1,64904882742537
9,30065182722476	4,46945101893604	9,34343895214043	7,15005482942262	5,42558999081294	501,179968569223	2,14014463461861
9,99088905819479	4,32289606029095	8,79775911903354	6,45125418591829	5,24230192244405	500,166397562069	1,3130907125883
10,7309070958608	5,60451535335188	9,46549102286626	6,70928756626964	5,10438387648764	500,280751971751	2,61711867289708
9,87541249078738	3,48226029634379	8,6358581916914	8,68255471460525	5,82341869054183	499,667262919313	-0,505478780692705
9,64470560276233	6,44075688716828	9,15942309680345	8,57848693446948	7,58157611358154	501,009504329621	1,81765588350781
8,69868016957754	5,13677889185469	9,31607308809021	7,38033711198962	6,82467821722621	500,321901914028	2,42897133450729
9,86727415417513	5,91263693146247	8,01390795560467	9,13336380918853	6,51460813167903	501,797634352181	1,76754920344204
9,400851551909	4,20005946897084	8,6835422579781	6,92091376961336	6,10102439105434	500,665838029467	1,19980850573237
9,5604659588807	4,67133719529583	8,41324708755497	7,35870820449792	6,02584456718474	500,75220971871	1,08149241976877
11,0457249682915	6,72755987224436	9,50635168903309	7,51397632866029	6,26489738945587	499,736717844903	0,610188995726066
9,99260113780201	6,05533211879832	9,69165359714264	6,82745999987079	5,89346227686696	498,466940170021	1,59040737836499
9,11687716528981	5,12828224985025	8,36165795186728	6,51706613631939	7,32678255793996	499,650839241211	1,46127728237126
9,02422932963102	3,87477491526009	7,45868565986694	7,1130382860068	5,80490679882192	499,850508334782	1,78551958893925
9,49257638100725	3,81071757812599	5,75998091482546	7,95451080993683	6,87120338938624	500,919576163941	1,02057753461757
10,9387972809098	5,10688068241477	8,22095169555332	6,1410773354768	4,44280350306239	499,031453687834	1,78753845925867
10,4000762407194	5,4172319990883	9,6231129093356	6,77775696251191	5,34139331073792	499,989251165061	1,96300252691772
10,0131532394066	3,62544520648652	9,54723100284098	7,5834914560093	7,22221299157963	499,634791745661	0,333868655166125
9,50939322179446	3,10431962055049	9,98744944474377	7,59149775232356	4,15310496542686	500,053780740853	1,0358866397505
9,07426317815309	3,38837729327414	8,02964764692796	6,05810052888014	5,5576280099875	499,822958307188	0,849277572828294
9,21105507031699	4,79311870204924	7,64199369880189	7,03196210133929	6,34205800265685	499,827978289431	1,29727460506526
10,4048277466335	3,60086142779665	8,76894977247605	9,39025506022011	8,60237226711686	502,221902000842	-1,32527498285421
9,94436575081174	5,02213114076142	9,23776152973965	8,90520371338129	6,93374943745919	502,941161032603	1,39765597854998
10,461960292966	6,93814247570247	8,73744363166875	7,02727024595523	6,49463135025794	500,8576107061	2,20085469081573
8,82717013838534	4,06626470072466	8,58103775709832	6,88791163102365	7,1181177122414	499,797668382264	1,4787044422479
10,797707980097	5,71670363262276	10,0479678029499	6,51962641324663	4,90189343209887	500,534416178137	2,83038924485547
11,2890291387706	5,4893766280967	8,58854794308061	7,69803421131985	7,58316109323147	501,376538232035	0,335385752884827
9,49605425925368	4,62585780433195	10,3062345234018	7,10952008157914	6,40970024233629	499,821443133462	-0,726723733213385
9,23221990330586	5,98566095134382	8,38079845949774	6,05584083611774	5,22845459366226	498,647726272252	1,54347939328837
10,7306768446313	5,18100134862546	9,7918388739642	8,84722738717829	8,09918283485834	500,445179364528	1,18603704129979
9,08770715883701	3,81673579585202	7,30062535891497	7,58673168977088	5,81041164966624	500,312047507553	0,623833036124906
10,0045374429174	5,68594050042074	9,42298283146174	7,75758102055313	6,48149913679649	500,842366936741	0,632537014362316
11,2207527309157	7,24467808071867	10,9679951183114	5,56208600985924	6,66504301709581	498,030800783682	1,2540160263203
11,2658813788444	6,53056393965802	10,3859091991192	8,56947681005551	6,04053819204049	500,836571328459	0,557349783741846
9,67008086823437	4,80082384281804	9,0109628987061	6,7317181602354	6,40232015302874	499,633014801619	2,26125941139425
11,2657351921334	7,2959551026088	9,62122809274533	7,36439105806358	6,41537115270103	500,523900772222	0,817811790410917
10,8330370772496	6,54690576224827	9,87498727141357	7,91215208238437	7,85761766366905	501,699801064086	1,47144296294709
10,6212894248905	5,00040859346279	8,74513383798706	7,53853271078067	5,9040321360226	499,877304867374	3,26202825102294
11,3126728180435	4,94560698980603	9,06656328711625	5,24695354657161	5,97331862501328	500,494662361911	3,75324353164045
8,5654064115563	4,38779376430995	10,5132869772647	8,52338287535171	5,9257072950136	500,861344885763	0,0702173026183812
8,08788003794737	3,57341489498695	8,14419876258367	6,32812734010515	5,68125253395324	499,207606173375	0,0632586697498279
9,55531719695291	4,77399017801616	9,15252269058472	6,58694454123954	6,56454695748318	499,017110757244	-0,790146051552153
10,0736694176156	4,84466172806315	9,95447714823844	6,89082819347818	4,61255073167503	499,811324874657	2,53321361157517
8,81523786907366	4,62576735740646	8,54050788501256	6,67143961512012	5,61464293250541	499,689518833089	0,896414038857936
10,1690452325801	6,46040035755344	9,98034478676889	7,64298501056246	7,2114387871579	500,757231794142	0,652174923559984
9,8486113916989	5,9940523346242	10,0971256284877	7,20422070720502	7,51658124555858	500,054593135302	2,69023783447043
10,3488812700568	7,88353395976423	10,7107609062619	9,40227317296363	7,0896727369656	502,108915372426	0,833937210552398
10,784600567081	3,98950063937196	9,1839585235112	8,65521939689443	7,28939610353642	499,738903693957	2,81770983087891
7,8632145895412	3,17405358796311	7,35417981529472	6,44819678587862	5,21000868893392	498,882683569816	1,1572072364845
11,7458101154222	6,53171684439247	8,98483491011295	7,75245617622877	5,89138518685111	499,903434413372	0,323109231559016
10,0831827377217	5,07759454153753	8,31572297206879	5,69575614837659	6,76780964957895	499,221473956123	0,807581188761507
9,25433749779047	5,78895019224707	9,91940872581843	6,62243397606989	5,2359261044975	499,104890281155	0,541655969056061
10,189260943168	5,16720724691522	8,34855500580125	7,28670847324579	6,43834345059352	501,085888222138	1,86297470091413
9,33134036494763	5,53572911712318	8,3279195674742	6,59405335799714	5,07596911440599	499,315473260211	1,38267124989237
9,56478011293457	5,24525475767981	8,79800162050683	6,6090676385969	7,38621848208954	499,941658958761	1,98459938622581
10,7987861473523	6,24980743672542	10,6588709708669	7,53566861655645	6,47597537185274	500,799709160499	1,96323171583332
10,1475860676611	4,17197656635344	8,66547276239787	6,27806821365923	5,37082243349526	500,051923358162	1,97830169348388
9,11046386538381	4,97183175442141	8,5380902137015	5,90096108345802	5,62183137421522	498,015713765549	-2,10175482834339
10,5403741569205	4,70758689719304	8,28869109231548	6,33651572041587	4,9315394909494	499,328843867253	0,94394176031036
11,1642252711787	5,58863080566598	8,69615355632995	7,65025375905739	4,29616175886383	499,852298159621	1,52010608895652
8,77131303321902	5,45745266389859	8,64430911079855	7,44931229606962	6,33338059896679	498,571566978043	1,10215213898904
9,63566104538648	4,80437447302978	9,81252079703733	7,63046007450506	6,31580172719936	500,446276430212	1,46125443681161
10,5775477574891	5,88281410573044	10,7175623901885	7,37799709418759	4,90250149758851	500,701721130105	1,58132707128404
10,7712353917395	4,99928426013241	9,63259531582074	6,93729065988075	6,0123051411184	499,988821471975	-1,77937625448038
9,51847633786	5,242916627915	9,0579373566562	6,98967955568295	6,45468923474425	499,344417517348	1,22246360491038
8,76314824964602	5,32709129021416	9,66471131232646	5,87296276515949	4,67908473374529	500,14538135811	-0,754921101780869
11,5539395279148	4,99709724233086	10,6597621144015	6,53008585926793	5,51329521978583	499,74717969745	1,56944851474749
10,1314088360805	6,25067614868383	9,46334817310786	7,70184256242159	6,84093902454487	501,090491098573	0,516295723171404
10,1817320858625	6,88303389995984	9,01341111322942	6,85185056517792	6,68892630889088	500,439721013634	3,00107165607847
10,7611948318775	5,29739431675527	8,77508946070924	6,73714932142965	3,9399868319445	498,608609132876	1,93886186265096
10,1974562535297	4,85995352622191	10,68178225123	8,03545167744188	5,30546685760311	499,844770053716	1,23602545318015
9,27038770994364	5,36787876508078	7,71732739919999	7,8028626367998	7,34326629688378	501,003877641274	-0,159242058090081
8,96058270188511	4,75822698147312	7,16488807611449	5,6842562549306	7,05480810110128	500,68338417585	0,586028821653797
12,066400232888	5,02298295190969	9,57012691034319	5,59440792464623	4,89794708289683	499,397434019993	1,27452588791357
10,4979089720818	5,23963466165303	9,29841263753566	5,96695982899404	5,24841499368594	499,945895172712	1,70769710567017
10,6485994523487	6,58344924455221	9,98039500651647	6,59013620708472	5,91378834518485	499,431365556856	0,670155249974256
9,63117429253868	4,37924850864393	9,8678408198665	8,16294090249399	7,63166015440707	502,006830204974	2,46490051956375
9,23394885138453	5,25344381358137	8,91220772208095	7,70044005968749	5,88589688892363	499,929451260158	0,88774190156395
10,8313202309771	5,25451990297088	9,14279094561501	7,14271707812276	5,30515971792284	500,507424889101	-0,112342520865846
11,5611332168745	7,90952055732817	9,43107517742718	8,70421515234785	7,73326828778264	501,101114469033	1,38861918932072
10,4573552288719	4,31087115372643	8,41652333875914	6,42184878333984	6,62175918807219	499,882339986883	1,31125492566701
10,3272772961834	5,76229505621613	8,86898077284441	7,56746564957839	6,70205110248191	500,704297552722	0,326879687339006
9,43319312337085	4,96581315353196	8,22615832803928	6,94175672761287	5,55393549029523	498,37346498609	0,738001073723995
10,5280654925493	4,99918285399219	10,6089765614236	8,92734605988567	6,69433788116814	501,05951999523	1,38440162695885
10,636220121273	4,60951729118976	9,03334534400808	5,3522871735054	4,88434664842274	497,634808419524	1,67540317001983
11,5095734761447	5,78155163904897	8,34344361859843	6,94706595810151	7,07181869524799	500,042419097184	1,29198827835256
10,4983103173958	6,16235746800772	8,2267678200431	6,1124677691192	5,03294513610736	498,20389137522	0,978641499210401
10,2641208985419	3,62403473574827	8,75314555831725	8,03391977575936	8,65928874317917	502,024116529189	1,86704107037666
10,9447875364376	5,63307080684601	10,1243346125236	8,9055021656164	6,33823178400819	501,22410567914	1,21323091674635
11,712437337455	6,98565979382224	9,89455920213633	7,88231087510962	7,39834132071405	500,877497091964	1,4810948000834
8,92241184770896	2,11385856968107	7,14618959611574	5,25656268623188	5,48946266807666	497,192717243149	-0,061896145627971
8,98921195170317	5,85048030065014	9,106587202198	8,16559735832568	7,6176648683883	500,524396075469	0,892808629119416
10,8292865139033	6,03665447267365	10,120213764347	5,01466268903072	5,02897545328267	498,671139774158	0,268827971211741
9,95684694697782	3,9749545748058	8,60303497095867	7,4398930881396	5,85753417691956	500,135721585309	-0,447432253815824
11,0879869660386	4,53381432210296	9,86150128528013	9,52104968810241	6,46186446924024	501,212348355465	1,23759294912974
10,0612065697962	6,17939642506095	10,3431161196304	8,39203952741524	6,52337879196011	500,160897262616	0,294140114145563
8,66518831006437	5,51896676320159	7,74917053906264	7,06409704134901	6,16832878203026	498,607256330839	1,51475821812581
9,98174620059269	5,3366365043937	9,68285966169397	7,84257705307363	7,68930191496018	499,945810117707	2,35739278520848
10,3587544719122	5,81602259574777	9,76124062518814	6,02978351103281	5,3771531310655	499,781342504123	2,27127342735759
11,3025364228531	6,99652184991704	9,43851283755584	8,72785896408098	7,36566833460019	501,592254467048	0,595910688114401
8,73472624173406	4,73733550503491	7,37953963124875	6,57066183903735	5,94535635115415	500,186172134776	0,523103995513536
9,72249808412362	4,78541566098228	8,71810104344045	8,24310274869341	6,78379145884973	500,176756266936	0,462659885068245
10,5476837795025	4,00975870154607	8,9133640297555	5,14011828351689	6,21966148565183	498,780743032102	-0,334531091788757
10,123048991518	3,29338003977673	8,71762993633183	7,00970435628742	6,61972971395311	499,602373090407	0,359308164218448
12,6546365031181	6,5543318301279	11,3594586129965	5,65645780995407	4,66585516908327	498,624117491454	0,8686924989118
10,2664155813441	5,94343454249686	9,68190623379532	7,78828631646533	6,29542384716197	500,730737821784	2,81840328046576
11,6554102094272	5,01297785569163	8,0843754921586	6,20955781916815	5,29750959411097	500,097085670542	1,28941313416604
10,6831532152764	3,28204489817549	8,58244825424302	7,92317062549998	6,31352425213229	501,660341190014	0,496345878422913
11,1032984418024	4,93939233321512	8,00950090057748	6,77192793879739	5,47748261407616	500,238653101978	-0,0460477926026062
10,0066807905591	4,92431416454368	9,25509998472913	7,07181548118572	6,65513332738743	500,877242466535	0,0449368899394491
8,33155885708711	3,14850606359185	7,43208632713892	5,96754200247759	6,05793936264575	499,64168164672	0,534163398063247
8,20068215126919	4,71207408361693	8,20466078596173	7,88986001948478	6,35076980473285	499,729826388883	0,319835162532053
11,0169144912576	3,4113906404146	8,64513131929891	5,54610177051633	5,60268812436188	497,961845820631	1,06712864250695
9,98340586972537	4,96071991147344	9,18058458062547	7,72885380741222	6,99546960505923	500,145400437951	0,348044926292718
9,40460207188987	3,67238441888704	8,35814210016772	5,66422047784983	4,8771998757115	499,214353701532	0,492656567833661
8,22208543903424	4,88431682060248	8,77545099735505	8,01595781458401	6,58742014639134	501,042012469205	1,92557421332435
9,46521308811661	4,65798387247097	8,25579560539504	7,13196823790647	5,57404740734916	501,063500433335	2,19949260880508
9,63915068825392	5,80731683920122	9,37890158206431	6,98020150681988	4,93102443378182	498,69356166791	0,815125322296705
9,81698635632162	4,18738270198173	7,82694219364963	8,24216334657565	7,211252643868	499,622629914081	1,72117885445347
11,1103789906278	5,45931181193573	9,98724857090138	6,78217168779079	5,86308468238993	497,2569465631	1,39505068813426
9,79481212782611	3,75100462785753	9,11563998269421	6,92414116595147	5,84627316217038	499,994952646295	0,614394676715472
10,4879335551481	4,59669131832248	7,79476538710097	8,58039828425845	6,84400624595921	501,211124983529	1,14570805920119
9,63447416603057	3,20178431215152	7,71596926762564	7,61995659517811	5,96389755462926	500,021600699763	1,0737699523714
9,5539037026958	5,23097229623578	8,16350875598131	6,85386241272899	6,07272797194785	500,495199621958	0,800590235131768
10,7023885322054	5,58972025780633	9,1566174931736	6,69679702121382	6,65372858420374	500,768379489647	1,01691444935719
9,2838530564357	3,50091016741151	7,4242121126612	7,18679820656498	5,21846594732533	499,70567530874	0,907615340092326
10,3933809751648	4,02112618047226	9,92711354125861	7,97173242689959	5,25646589291696	501,434348163381	0,989635943434678
10,119824897169	5,85887394166958	9,85334669723179	6,83492969019493	5,39070484873294	499,008139149067	0,677130426069116
9,95582295653799	5,20345969288263	8,40720096060834	6,20169815735555	6,89047216557882	500,09079309549	0,505128431135027
10,1662603934402	4,29019817522316	10,1325432878666	8,31744921850264	7,5558777659066	500,876906787824	-2,14655256096683
10,4387487380472	4,60311203538779	9,33262156401473	7,43620915128571	6,32715754425498	498,31167743378	-0,110813778714844
10,8177406128448	4,65690022953805	10,2659057653736	7,46623100737809	6,48427215454953	500,220457832872	1,86406776526138
9,56194414646181	4,17467529982207	8,57487160965262	5,97787960557433	3,71277905550909	497,762815735038	1,49807206556781
10,4381602199741	5,53768588615281	9,99093571250301	5,48651255924595	5,27278724145417	498,095405761166	0,273175104910286
8,67446151578823	4,55516410835174	8,74793767365905	7,22868102265774	7,40855032819985	500,5036614331	3,01652559632671
9,8654172525921	4,67378907753245	8,55273886572751	5,98530191611952	5,07219816273348	499,047416274276	1,53586477548634
9,91518424037721	4,93680382647706	7,68658685518749	5,84454224946774	4,81585660081976	499,971201425398	1,21934460550472
10,033491446564	4,84287356426209	9,57382740241831	7,37333995130577	5,7736665702091	501,040659117812	1,98930953988286
9,61055946711643	4,29670059976503	8,25946071555995	7,63520807606207	6,17516979965071	500,820181797724	-0,471576849391127
9,22464205674184	4,05342890539133	9,14360480113295	6,61663156327107	6,29137812888372	499,198013109581	0,445739713120271
10,2312536894146	3,64408441326296	8,64901048354418	6,2122221656348	5,23547041575456	498,830534791485	1,31150321764113
10,3856880122827	5,21819762379714	11,2766343201737	7,17385532088135	6,1585646142526	500,259437348989	1,34874514036062
8,83637933351274	4,91608054408641	9,13966247696668	6,53973048331427	5,51033107369923	499,814577189128	0,978908466457606
10,0106919574133	4,4541053536616	9,55507021347659	5,66950495245355	5,04515021016117	499,903783058994	0,691708846538876
9,99193026996214	5,31115044641581	9,65027882663181	7,34661183469877	6,30759554220179	501,153181460689	1,9803447397143
10,6140257467346	4,80923884368942	9,12054178952774	6,69932935581342	6,37342609729335	500,292080202365	1,55693570286607
10,9917181946944	5,83603194928798	8,5277955216146	6,02946195699352	5,27667714964316	500,854841895401	2,60363753040314
10,45955879609	5,74610518553027	8,72487575178766	6,79735493543369	6,82973167375537	500,004388986474	1,13492644919192
9,03882433803855	5,0856044677525	9,61565970930334	7,02804585328108	6,11771377982365	501,10341537814	-1,50763002628846
8,5332848208591	3,85097720196013	6,87158746520512	4,96990460429081	5,54563343974098	498,72362790847	0,46193075972499
10,6479228872376	5,65734540162075	10,1920072818773	6,77744370906669	6,7052286554924	500,619425229219	0,476975301003104
9,82587821434684	4,1029579703245	7,50728400987811	6,66818268269302	6,75649145814218	501,294776029873	1,52393794787251
10,8824081032196	4,33436095343402	9,60517178264905	6,70660066675803	5,85529714598194	499,813997682819	-0,578092554160564
11,1660039989942	4,9584405342869	9,40474740336988	7,09848554453921	6,55030989987267	500,40406181889	-0,490477800277703
10,4583590175544	4,87579324492077	8,67053910906746	6,94758057645754	6,41998888213551	500,14043191215	-0,152149012501847
10,964538241854	4,93129366232383	11,9578936711382	8,5420026325154	5,05999179886994	500,419236154731	1,05511046312684
9,66924232953654	4,69883338727207	8,88948679452601	6,00568490406257	5,35835298691569	500,34447458533	1,44795508792346
8,63275926942396	5,36642893388193	9,30201060820872	7,77182149045243	6,03784358388521	499,867949322625	-0,288879864939384
11,3523522089828	5,21414596762515	9,24422548122887	6,30576950412752	5,20725247786804	498,912206098956	2,45890426279531
8,61969623791337	3,61457545261792	7,91427286675638	5,6244028936834	5,95783498403433	498,947060022015	1,89444147597605
8,04143005997332	4,04617862637469	8,18430421950634	8,2063438260076	7,13065909955329	500,973662962688	-0,098605679318696
11,4667731337806	7,47661259719672	10,9850788296639	7,06785187345186	6,75759376713949	500,161798578663	1,31113215391093
11,1593397096628	5,72139138607674	9,34303753900886	7,9527888531476	6,19930894373997	500,356254005207	1,14937250384246
8,74891665246359	4,62862116082946	8,03166547018036	5,81623031553917	3,78811787173244	498,842558978879	1,0580247923978
7,95679546701396	2,87775972499851	6,48480930391567	7,02434855711279	5,41602497850812	498,918619224151	2,06569279451834
8,96951562983133	3,45716855746841	7,85724509362007	5,5819256472521	5,14236860336708	499,066352614537	0,810362019583832
10,266342168012	4,81934244602381	9,26513834706662	7,16681827683817	6,48947376334571	499,467503405565	0,364906193805638
10,198566767369	3,94425850948732	9,93385650383007	6,7085518689281	5,11959332947267	498,649303382261	-0,726338402512739
9,89484479334205	3,67692995599755	8,58593466389331	6,50406195604552	5,47022226968315	498,969879849913	2,45843944813833
11,3301805640848	7,65457232579578	9,70056775468186	8,64133709132228	7,95037080344391	500,863878599759	0,225636064917848
9,19388480561392	5,44777482250124	7,61907406752432	7,18782484958363	6,03157480355119	501,28034423095	1,31651056748062
10,0573902236664	6,72058720036997	10,4729030811201	8,56543069139881	7,99034283794263	501,458390242884	1,44243196168152
10,8189835977028	4,70799506698216	9,23412065360789	6,8560411707909	6,08582822490092	498,687021203786	0,753857888099544
9,60865650275919	4,50502133516605	8,8217758350637	5,4493240907329	6,01824129462095	498,092621131383	0,649675100738619
8,90202480111303	4,38197237620367	9,28776681125845	6,94916810945653	6,97718659057115	500,422486034293	1,42100102482853
9,09735610026449	4,96219327341769	8,45944870715547	5,79852922610544	5,87758297108089	498,86373285579	0,771732702380082
10,6774190237209	5,08874292227655	9,9940103160024	8,24943756847593	6,50941679917325	500,813945934633	-0,581709267958907
8,17871842322783	4,63191571960822	8,08385229079173	6,08518418705571	5,93324371519681	498,743828251616	2,31237002768535
9,76391872573931	4,44668690618871	8,60787361331889	6,67829018608137	5,74973132310508	500,264677099675	1,06657878610344
8,82765243575337	3,70434684550509	7,59144300235127	5,58846717632478	4,39434194360407	498,1903715347	0,968154941251253
9,20017019304925	5,24617905752308	9,35107153646288	5,36189949956188	5,53614905428055	498,353533171597	1,92923000177416
10,072905154852	4,79862205708985	8,76130550103109	6,42249730192089	4,78231063514399	499,423085119002	0,936545413385499
9,15809509080631	6,23170354454276	9,62427632424658	6,22911189329173	5,27011428642888	500,141397525822	0,330858700036744
9,25709597242746	4,62554391847604	7,92928782026318	6,04710537286229	4,77479432974874	499,023466261359	2,12053749355171
9,20981276837675	4,9145420980074	9,62622707844475	8,12364617693194	7,03815832278745	501,790490748357	-0,460525516439263
7,54746892090916	5,19938804825085	9,1595618547007	6,81038990353233	5,95305935881085	499,265504448964	2,00690953719696
11,2769194083673	5,78070689174556	10,1552509528221	7,85112248164531	6,61297215343068	501,24601542918	2,88003601438819
11,1153954241952	5,51396061245106	8,62909464594877	6,88483736940477	6,00988347598352	500,719443204974	2,61486425889725
9,90956650830377	5,31792115484821	8,98529485138202	7,34724420179542	5,9168335703989	500,523516848189	0,199729938442258
8,4713722642541	4,92177619311276	8,76684618858068	5,57264137207468	5,63105119451177	498,554291174166	1,29642023984157
9,66172263285548	4,02942312931135	8,63725463593671	7,65096732781746	6,03223407871761	499,895029504396	-1,05607784890511
8,41758554259343	3,60960727105028	7,50601121570953	7,3801163153138	6,10820930748431	500,958765252362	-0,359841366630698
9,17844339284316	3,59387185305588	7,94448178922957	4,60578698077909	4,21917503607236	498,354232040894	0,684826894065822
10,9091240377452	4,4671564994539	9,73378425860058	7,54971539653335	6,13836937043646	499,999112563533	2,27318096764922
11,5383709109715	5,60393440182019	9,08861707846248	8,2612068051692	6,50528421350835	499,124826144545	0,87420847799776
11,9593193303799	5,35400699772933	8,44720365993121	7,10118263422339	6,01875183572534	499,785759704844	0,706041780557873
7,4110541509791	3,89177589753223	8,93139656667262	6,94400736465789	4,84525484285245	499,434393814913	0,885907630421971
10,2286404706235	5,80414262332448	9,32580654824237	8,08469263957475	7,19792065866445	500,241995593518	2,21238795291764
11,4430727234486	5,71593307513648	9,2171483158288	3,8732789690499	3,89421912057735	496,831416292561	0,807132756140524
10,4130689177728	3,37721240979065	7,61936622005107	8,70670386488218	6,72646259238103	501,953502089203	-0,452485826623375
11,4001644732664	5,50717552430909	9,13808152957426	6,48247679457272	5,23816532800324	499,18299826671	-0,992315976230643
10,9160823490419	4,18474498412761	7,99507915632897	7,60226423369613	7,76634829857214	501,805937933493	2,38418925066486
10,0444899428503	5,04113058704682	9,40495455595982	6,91376417338595	3,89832644965371	499,963772798582	2,78558629736237
8,37262424137193	6,18636033980584	8,35619059172763	6,42541617212284	5,66514455911303	498,909463130884	0,823116804800573
7,85739481112679	2,71434124844964	8,05326224074028	6,67996335500972	6,15987126465579	498,857174269421	2,23100428507391
9,62164113665413	4,33238116310869	8,52553289093524	6,07446375194857	5,41644135038725	499,056702349105	-0,630099675086914
9,58626108867231	4,92635322135138	8,6422186515201	6,79016876315718	5,75745841211316	501,066634977903	2,77042362403887
9,7465582496953	6,1392631821255	9,02897955985246	8,10923831327537	6,78971803075606	501,541906020309	1,93664234866643
11,977795541268	5,56856467102568	10,1423895028622	7,75794771613972	5,7623566440326	500,424777403417	0,867270074634402
9,60523721738765	5,40243016444996	8,08377398773047	6,08730668649455	5,08232200042375	498,842268000257	0,262785210254313
10,6803004926311	4,63973239409441	9,3667872847452	8,23437190835365	5,82115367316434	499,930130496184	2,09401436059611
10,2193327242555	3,87451814518862	10,2110164925618	7,512621137314	6,77790364820164	499,531998510014	0,0650292176760149
9,35867355512019	5,44372656078313	9,72118570757878	7,80812803938566	7,14323899502294	499,931708994007	0,0797526669798373
9,50427156719357	4,2630084201385	8,63249569509619	6,88844522006281	6,52255729124942	501,993943293007	1,45730602915821
10,2815048780484	6,27116359845468	9,51524703582733	5,99363122297887	6,9421105441939	500,475144376455	0,262021696394477
10,5910479627955	6,56450103486267	9,409771547074	7,37183052389633	7,22979023510571	501,88154473334	1,2167165743506
9,8152626841791	4,62042395113286	9,21378921094536	8,01583770718026	5,36150653112603	500,123774855839	1,37801144623646
10,8403196274433	5,69522405113862	8,85690239580963	6,66616230313766	5,65697951811705	500,808224380024	1,92961051352586
9,34133122597686	4,65165153549613	7,08334102547162	6,7497923981287	6,620932717317	499,268307417898	3,47978319811892
10,2100798762949	5,57629780530647	9,17384463151969	8,25206878313434	7,12018081150046	501,310896079417	0,85881850446611
11,1271917320626	5,92388702816847	8,86313277050411	7,87814510621714	6,99018369005893	499,598612564248	0,432068414565
9,88844925109893	3,1691918890063	8,59160502975612	6,05932950122446	5,68556825506247	499,132959677874	1,58438326731706
9,02778092778306	3,3732077723246	8,89346810181394	7,47673714206296	5,72462913392171	499,438312646816	2,48606755219285
9,9535466239899	4,64710069985577	8,88434341086262	7,40310707752998	6,45516772217513	499,706242413591	2,45830925065429
11,8566974845503	5,05196827977608	9,68464802855503	6,73529972988231	5,84718617653821	499,873667497319	1,3423573915383
10,477313238869	4,80450252671111	8,56682216198736	8,35110971109071	7,32837603915611	501,318752681408	-0,0608266654521838
9,75154509793164	4,88879630797597	9,24000846589334	6,74906719644225	4,78615228059332	499,930109306333	-1,06812096066948
7,81281535074502	3,1310572307701	8,01874858503457	7,71341808328722	6,47073132299424	500,116516609998	3,46000973070151
9,45485452308035	6,41761341446053	9,17032247951814	7,9447630902362	5,99241682263095	501,574768723562	0,684628140620007
10,8259804253778	5,84080086950032	10,4684682641	6,60274034212694	5,78889128167924	500,770774031057	1,59809699244614
8,69225807918608	2,87177655276186	8,21565314521456	5,47366806779285	4,96665805680333	498,209441256827	0,0151580195799303
11,8592763727298	6,23719258083254	9,43809051940585	6,72859068395586	5,33307506762088	499,97816509535	1,13007559681932
8,86502312528178	4,56554623573204	9,4787292101343	6,45095998423498	7,07184211834799	499,358911884465	1,77435886649836
9,83783573773194	6,77421851647676	10,5660629178513	7,68759491188482	6,56698869013507	501,419857192547	1,83036310595567
10,6505183905726	4,63180818560037	10,198656461238	7,28429982523464	6,84600485530522	500,049192264975	0,0892686158778562
9,32368169673419	5,26499803496411	7,70342226469332	4,9281809392354	5,93592860529429	498,591955659481	1,61450040853032
9,72583583446861	5,52047009985815	6,88188602469276	6,33406445790938	5,99194714817428	498,710671942636	2,09753142479426
10,2198380123093	4,73146960977359	8,1357931532968	5,89699708277157	5,50437229258851	499,549569283749	2,04873279124846
10,7658703229483	6,49174329198383	9,35425823603572	8,32592855798598	7,40936395235707	501,195664557153	1,87346452328722
9,22075034147511	4,84514486033695	7,45817954189762	6,25059403828352	5,84154456690337	499,192140454608	2,63171111990105
10,9658171901162	6,78224266907224	10,0970552805377	5,94810497077417	4,15833655645461	500,33887385732	1,21021470370116
11,2864928576811	4,50882566123587	10,2091738050405	7,4948606687579	6,15139258622994	500,946200595894	-0,507517276123775
10,8950709194901	5,92794210862978	10,433593762258	7,27279383510812	5,23424918061565	499,83417200497	0,713945139688351
10,3985224127649	4,01613241439274	8,36871917435186	5,89268575316721	4,9868315090969	499,028790373419	1,43433965677834
10,9405327522198	4,88009228455935	7,81393076999015	6,81690713980841	5,02161942566444	499,304186251967	0,719355255378932
10,7837840891793	5,24977344723477	8,56195355975281	7,04942987934752	6,43267472419521	500,482817793011	1,15845306042779
11,4946217315498	5,2178424608079	11,3986355265302	8,59148427240663	7,59932720531344	501,645679446974	1,44525306776043
9,20537510414262	3,99219058610142	8,89541782152615	5,79500290056656	5,11776422798883	499,911649548997	0,129776408114799
11,2454196201145	6,27270438011672	10,4080928842639	7,94707291035976	7,00211199275302	501,211374357798	0,979062230132107
9,88845431217867	5,16052424817666	9,92659441252879	5,40871317709789	3,59757503930193	498,840134600585	1,04578142721324
10,8230527960063	5,32367896622663	7,41335088979079	5,62453617696113	5,41072035566951	499,450396471277	-0,0282047708313635
10,2655649995476	3,75657682642963	8,19123086001688	5,46117557099122	4,46742410781494	499,077021753936	-1,02778535458749
10,4231548035895	5,7190626712116	9,6216933463267	9,30217530586549	8,34486058374146	502,605302998622	1,27415371622254
10,6322157244079	5,94769932381996	10,0133451627694	8,7347147567272	8,05417032360475	501,699786876019	1,26272109094744
9,09815486332404	4,05331821745251	7,63580105180637	5,40003372938252	5,95734067287987	498,354325414691	1,41884154116995
8,76757359779731	5,51052145340839	9,36400286526908	5,63261144692095	4,48671712547526	498,299747969244	1,48663813850981
9,73426051660429	5,54141375985253	9,51289910294632	8,16024670691527	6,54606294788351	501,471358145244	0,97071153840252
10,1649348264846	6,36179131131286	8,42934023786848	7,33397426758048	6,9089801068727	500,727267468308	0,711051786667886
8,20859724841395	2,74350915821218	7,24232336389807	6,78454294945414	4,92266225416082	500,519978612136	1,01706989291348
9,79733660320255	5,86572097572382	9,98482788133536	7,37989682724603	6,64208690191179	500,25200638542	-0,793405899186821
10,1464028179098	6,88271288408543	10,1063251213441	8,11737808960194	6,7464887044365	500,897550948254	0,954170611675339
12,0209401574617	4,6466844515015	10,6738261945249	7,17796133465452	5,37296541448684	500,439617598408	-0,323569186986321
9,70580680556594	3,72977232841423	8,91735222087714	6,80993663996164	5,90993443556311	499,668038483531	2,54769307753579
7,40597608687091	3,65719571274329	7,72435424004721	5,51993591970375	3,59048771765581	498,133231504518	2,36698369965985
9,04932056517556	4,98272007524658	7,8665377024723	6,78238456289068	6,81533797710867	501,404389672976	2,33548977543644
11,7909617446626	4,33668481067842	8,0928095945674	5,96282623815741	5,54661352233093	499,899298385364	1,33251812993365
9,86859252599154	4,93208775187974	8,00477744611082	6,86165352319718	7,36892357497683	498,87601657554	1,35028664389271
8,64266577146594	3,55932635743937	8,70044417033541	8,23869714379295	7,20206308418127	501,120634483777	1,09588648725856
9,87633024136161	5,64160002130767	9,13809983643457	5,8243650413679	6,88925571635143	500,334444751071	-0,491076078155573
11,0302515810951	5,02564079362025	8,30650926513441	6,28822337503501	5,89208795554588	499,459449458545	1,79434804889521
10,4500646865654	3,99131469069017	7,97846986750864	6,72024489059629	6,41646774890316	500,020757706815	0,379815750227819
12,1190607609332	5,41762973229539	9,38347869114452	8,95476345693507	7,41423333225281	500,671968825192	2,08382519233986
9,10377741780984	4,56109111326162	10,3361901399887	8,36081185744486	7,0563505347836	502,310493375169	-0,259746130149378
11,6559654091128	5,85573078037331	10,9452314454592	5,9410194728942	3,61103466143777	498,386909153678	1,45081705223911
9,52524373212024	5,34433647681876	8,72795404438992	7,59206838515121	6,06691161448232	500,969141401123	2,90941669174358
11,2170596010594	5,65644651374691	9,1747493107595	7,66134747091237	5,94728275781129	499,133905045166	1,17977304928664
12,0295813709857	5,16175243067827	9,67735238463634	7,03368018033187	5,59962414632667	500,086428307495	2,96950573692735
9,59747297314196	5,39304623268825	10,1945601465252	4,88578757684606	3,13334468109229	498,313574445227	0,107303450325566
8,48229893714697	5,80813566380445	8,91190418915063	7,93946708887468	5,68271719783404	500,60710528524	0,427969948102921
11,257192550879	4,97953483636363	9,67116919759795	6,74304167008341	4,33794352786805	498,990300837605	0,2622463385022
8,5470176046634	5,46340318769596	8,30524744072794	8,3640503575701	7,09614823517402	501,380366903033	1,52621750287558
10,7938226071735	4,53447399221193	10,1972545206167	6,69553069575155	4,87922611677782	499,53750652777	0,484505057686463
8,89651849176052	6,50928124420634	8,64012132436121	6,01685596650589	5,88866152909192	499,641962847351	1,65873139564097
10,7315625572595	5,9944263247875	9,74517528946456	6,9220706348712	6,55417113002095	497,881634380186	0,585681429006066
9,93216140211773	6,21857727512807	9,57531268133041	7,63905453195157	7,00978610432441	499,644666364785	3,01460007725039
9,94422600604165	4,47427805713168	8,98180306105564	5,41521999025086	4,33224373811921	499,958785674508	1,655182219472
10,0823295721351	5,50881017832791	10,2154944120767	7,23007729482244	8,21161088055034	498,868828659733	0,963391914260212
9,61702672408991	5,82627949486529	8,95332860178204	5,93484165952213	6,04290318548633	498,934955318843	1,85315858546414
8,2997689526799	3,58427885012222	6,66435287180926	5,83547043323714	5,47619151354692	498,582928074247	0,437726441848455
10,5863483982785	3,37339585807312	8,22196323373472	7,03163590600771	5,90195950835379	501,049992687378	0,403011758239863
8,89939895003926	5,04370219158117	6,49281060510042	8,37489189512647	6,57586873680996	499,522183881362	1,14740329180782
8,86181822092261	4,48081438148362	8,32444609909865	6,28038991531786	5,95336353753703	499,356852770725	3,19295991495129
10,5707653056	5,5617046236516	9,57325942273303	6,36669538464894	4,72733555995044	499,733821059639	0,59352648280332
12,0575774485083	4,72164849783174	10,0380289272149	6,35397128810053	5,60415085193955	499,628824494299	0,806022469294269
10,0323029935181	4,70858791867205	9,96791181352352	9,8170865599134	7,06599142902785	500,634751745606	-0,697512249379689
9,80489897447941	4,92818782124808	7,24389745943584	6,87911865486179	6,00075944723298	501,250394842148	3,07516068333886
8,49965986336911	4,99250028005638	9,02078066753327	7,51868907384818	5,19474075729355	498,927718355072	1,48298994417247
9,4270606853481	4,74018727106464	8,82268955589374	7,10589348265882	7,06544640229309	501,435366735582	1,21403350081659
9,1213740059573	5,37213433464489	8,71268905645469	6,32371909066828	6,29890430232591	499,844398606006	1,89916085409328
9,93626424960811	4,83820645692901	7,99930308831378	5,36863097395995	6,17568269129892	499,051478908121	1,77379846014196
7,41326034077376	4,49889983464903	7,45974079102183	7,55989591322001	5,5533676118452	499,894468462069	0,940845999848199
9,24435727334712	3,93525911024622	8,51087412752814	7,33571183564836	5,94391649024531	500,815237826875	2,65428877531343
9,35864243065838	6,19104939116196	8,97060709408929	7,7213518023364	5,87035391714303	502,160185113479	1,65518139389545
9,8456246465213	5,21653514284786	9,82356835217206	7,49075035344402	6,87147170223524	500,629861119873	-0,281229710026155
10,7752099802148	4,03909595805113	9,60776892655202	7,2823144648662	6,42583487491339	499,025649884504	0,608015861962139
10,1917147166903	5,00935676050546	8,33348745667046	8,3538372222614	6,90149759174116	501,946849364667	-0,322184003973583
10,3918262860512	4,41805434849776	10,414844362687	7,27852474241363	5,03782904983624	498,75769675237	0,922592896097513
12,6392380386949	7,06841584391668	10,8859885965487	6,88859920249837	7,25104174003786	500,007630055221	1,97368400873875
9,31266096604744	5,51380185186976	10,59692578333	7,51350257281497	6,87795870559411	500,33002052245	2,01722795987641
9,70451652778461	4,65858793265153	7,81287405602191	8,37484109768653	5,88937903682449	501,499306102904	2,26747953295287
10,0032348701023	5,37217595922485	8,52374129965617	7,41266365174216	7,0764965158498	499,263566053117	0,347678847146203
11,0876829663801	4,68552202051217	8,93348382048996	6,26280187427306	4,59403397577812	498,880862544635	1,82439276668087
8,96437494256062	4,60841843371262	8,45952019693425	5,92106624884077	6,43349630031981	499,927323553823	1,10778120066165
10,1060414408501	4,28519065257639	7,59404976897868	6,62951240247337	5,57898734187405	501,412439644327	0,904236000194746
10,7666652268826	6,09836216788311	11,4072115261553	7,92094612308589	6,33947690408283	501,766804882819	0,153568213190978
12,7126346967357	6,51546651674017	11,5187564534346	6,47866449840194	4,57773511241493	499,121339371578	-0,168588801486999
8,95727196638496	5,71770344279082	7,63898048221513	5,78032838909942	6,24853041410281	500,747062781012	0,899730512291241
7,8899355682373	2,717363620737	6,20396484624989	4,65817584927435	4,65601542363866	498,553535802713	0,855662542146427
10,4437686146676	3,4529813278485	9,18538983728777	5,49436133047629	3,86544863048961	499,124128516642	0,467747785086358
8,5590273220507	3,53761074485105	7,75137498523325	7,15658602064522	5,14973828338975	501,659183136771	1,00346393734368
7,68708375440951	4,63989765637721	9,23645200377268	5,70538171543572	4,39095502527673	499,424412098677	0,12106563363457
8,66497961329638	2,94071430563023	7,7285415465119	6,68162228313228	5,60522447865733	499,723000143668	1,93976882632468
9,99578522908506	3,82911065165048	7,46326973851683	7,12262910954551	7,17376504128514	499,834077015044	-0,614123055667786
10,7424041533391	4,43856828998821	8,95280586709606	8,00030381334121	6,03807949286695	499,675025857746	-0,965902423466724
9,85043470339064	3,84153137483029	7,86159716995999	7,14556588967588	7,02582830112741	500,38323309441	-0,278781887475035
10,3197908411765	5,91047517149622	9,63551287463807	7,19836028690527	5,7375155175824	499,91376084178	1,25623361342082
8,99612280286872	3,25132283019595	8,38649496547738	6,71360274983061	6,1254433960534	498,545596819639	2,55110368123335
9,44114171618557	4,70593849507427	6,42229027479761	3,99818202542465	5,14498967428609	498,908527918105	0,125943440061614
10,0802796483596	4,93718013654823	10,3817093802118	7,01471353989166	5,96837138881626	499,484578999019	0,40787895021161
9,6583858725148	2,3782090941963	6,73274185843534	6,07675067859283	4,53529957444711	499,54056318663	1,79482591800204
9,97579935552353	4,49408876500741	9,44769950768584	6,23126712305487	6,07983023099247	498,39304706857	1,38406598592485
11,2094262373302	5,38836158064561	10,0282569209321	6,95981814814141	5,65162570258276	500,156072936555	2,19913245054032
10,4756627266584	5,47256694882082	8,27804729527224	6,88583258616269	7,87099068635707	499,976441439064	1,78530114598946
10,2636111432686	4,64109888961441	9,35858656138036	7,62730334199019	5,81519001175141	498,936147105951	0,144619111734727
7,98595066321103	4,24421044659351	8,6377633357029	7,89365595406467	6,62647175642027	501,520949065272	1,32732855656384
9,94435572379532	3,4465792914261	7,61289906114946	5,15633388363987	4,59802770635182	498,464288728975	0,89165309287237
9,14113439317109	4,17578406541233	8,69347384540982	7,77951609851707	6,53113075666888	500,730744277541	0,471270328284545
9,78133770711051	5,62670348988294	9,03023543557474	6,86189495775683	5,84517263537976	500,872874999652	1,0312599362718
11,3433898276945	6,08856783969224	10,7935724701527	6,1711512396858	3,60502096957849	499,655954718525	2,36917561487672
11,9444157470204	6,22584907130111	9,05897198175003	5,44995085240996	4,7812374498107	499,146386807362	1,30365619943523
9,20473297612216	4,82867539560412	8,0260261202383	6,71277774839849	7,64522768863197	500,475808816482	1,03116859393897
8,18824439212288	4,91249965984344	8,30660673959929	7,43786645985366	5,19989910084019	500,491408096397	1,82075497936189
10,8088080177181	4,87046057356462	9,79606559165805	5,71587108002893	4,29887743365288	498,562976559198	2,35001416252985
7,90899725364038	3,86507503064217	8,93192853160086	6,56510347515889	4,75039195654567	498,800726078302	2,09370142337229
10,8644373773414	4,4062153423632	9,84965042704569	6,56985759132422	6,55569210603223	501,047908393363	1,91749299561814
9,97355384100022	6,99264721827394	10,7586136023831	8,61485397787846	7,74710039615327	501,670779273005	0,473614233046076
10,3106952333698	5,20669078510534	9,96713070307386	8,50090484352823	5,80711284053285	502,464189331674	0,897497861576857
9,27977108244507	2,49764672665044	8,35950675802122	7,29410321761838	5,53099283791548	499,560381717176	1,28699045947329
8,6838933326382	2,8716211270134	6,78813976067929	7,67411258832969	6,92599692363301	500,885336417833	0,615596753588308
11,0672525296209	5,75325755900977	8,89047674044144	5,18342966420266	3,41904202786983	499,228375983257	0,0415949934054222
9,66500935826323	4,60598476737103	8,32942606463906	7,56984419398488	7,32044783498449	500,744550494903	0,945069102692392
10,7532548089622	6,39591863473715	10,0769751878327	6,9103746262532	6,04350693061695	500,397352600635	0,675910939901001
11,033822611403	4,88474532223065	10,2631011298292	6,43626709702256	5,98016320896269	500,366054091539	2,18150411273503
10,3168187073313	5,36089954453121	9,70032677521047	7,48128843420598	6,21749916913501	500,129880243987	2,74433781770645
10,0595157279748	5,93463451064546	9,34080736914397	8,21894914997421	6,55494890406747	500,235171454608	1,42273877812844
9,44787585712147	5,70294168644271	8,05708563482343	8,16650204461148	5,71962446003811	501,001666359983	1,39795572049186
8,84427624589829	5,5970896774061	9,02297059671028	6,3251762676556	6,47082354302869	500,130618820965	1,83862220136344
10,2104087315473	5,4198111911301	7,89967495098091	7,33572397164849	7,19835646856931	500,591869211822	-0,597761190661066
10,6654999997873	6,77948877038871	9,75956090665704	7,81252310835096	6,00878953155002	501,08590450237	1,29321891692172
9,04862882423402	5,17722926471348	9,96716273342056	6,33375260300445	4,66498279496228	498,560900624986	0,853025904266912
10,3645869447402	4,70719619221724	9,22625117410039	5,73503344088261	5,99578555918022	499,230572384858	-0,212010068323142
10,4352706227558	5,19837152288143	8,38062097327153	7,60880623968943	6,37443437674111	501,8230218916	0,63812242172074
11,2931018054564	5,14211372220864	9,46774724260473	7,49980929254814	6,45202432790926	499,421727542457	1,4617254598656
10,2741212523382	3,53392988773575	8,09505020413296	6,62471074008158	6,75794709632588	499,040317264639	1,55073281513271
10,5953148360926	5,94943764360152	9,05943578986694	7,20274801956735	6,18422735739263	500,614592884831	-0,797719531184507
10,8020432389695	5,7757266269241	10,3697780412241	5,94445676770806	5,3552199263967	500,060205257247	0,975516682323695
9,12507505605857	3,92772198090646	7,2853023606351	6,75355428321276	5,54532707027534	500,024443952468	1,16213730872022
11,3812279439882	4,90014593125015	9,35594264705613	7,98244962658604	7,45041683823228	500,401181398484	-0,542102183699016
11,9529479674628	4,1811500930396	10,5095068765591	7,30020108911583	5,90114605498612	500,271256384515	1,1810995977001
8,98265648423369	6,36887477719369	9,69021013309887	7,76483383208769	6,1232696432828	500,779315210982	0,514314288070461
9,11807579167258	5,23500159982286	7,8436527212836	7,43277543173818	6,75562498504473	501,136349669867	-0,787317319413935
10,296702002312	4,24328227967949	10,2474218406694	5,96333275314058	6,04993886555561	497,941963983347	1,17431401468647
10,8273085224254	4,29885581618383	9,02656296818578	6,14609925373308	5,58196898806663	499,730101247225	-0,157705762694339
10,4008032836227	5,29647783399144	9,85196359015988	7,28375905729587	5,27652968197434	499,36458198202	0,87723216972452
9,94439063421553	4,77400653877581	7,58247127115764	6,69364567043082	7,68978411032352	499,566012029359	0,643136873898168
9,24642391658774	5,33355060768028	8,20988514829945	6,76449966937637	4,31978141458371	498,61034815195	0,433039395340817
8,61527903491491	4,61936156011513	7,10483242619148	8,35657114958195	8,23357746977754	501,987043970071	-0,185200496926943
11,5391994216662	5,188840393788	9,58649550742759	7,00152205854707	4,64516625103603	498,68881556632	-0,318391106172637
10,2265200434429	4,68137710242326	9,65872921761413	6,31689150603822	5,53986256103681	499,975154579105	0,845827086436781
11,5956968048569	4,94947535502141	9,1161453715558	5,79870565914675	4,68163397962538	498,47945807679	0,275158650782115
10,8132883235875	5,79875046426214	9,49279885915346	6,00849546706882	5,30972503347293	499,485402751644	-0,330416479846285
10,8436034948135	5,11199408325385	8,77540889623803	6,85771284781592	6,44500795712318	501,034417739206	1,81694868146094
8,96813979449285	3,02238365900557	7,61432696329075	7,35923447802151	5,88395290388446	499,545549805482	-2,70728342870656
11,517451422095	4,5206178701092	9,58204888754717	5,66764391614308	6,19461310083442	500,400126771444	0,0229569197260548
11,5358735162069	6,29647170877516	9,86213244993987	5,53240700348528	6,14544888147825	498,659907078121	-0,718674168681391
9,55853484719934	4,01632715563182	7,84845483309875	8,21966633694704	6,13286112311512	501,814222013141	0,731258395890074
10,0613068006503	5,52310907583983	8,67086411018402	7,45097046826199	5,19441951751575	499,163432359755	1,79219179354459
10,1174141142569	4,36021946142047	9,04299280257024	6,33185782678347	6,08617519766999	499,547567299424	3,00074669909478
9,60626374182169	5,26899183051526	8,46493376224543	5,74716553615571	6,2491362220048	499,51453294026	-0,141512625264025
10,770183262049	5,49246037227738	10,1455555612606	7,06231346648934	6,73559011035101	500,385113998505	0,845196960643568
8,22799736487412	4,8936156684936	7,9759112746439	6,45809394826936	5,11045107017857	499,696144449317	1,84528762322346
11,6394179430753	5,47171726373698	10,6548559954503	7,72444858736781	7,40803996412806	501,303662526166	0,194042896695585
10,133192187955	5,24517309059375	9,88117739273889	7,59617542234674	6,40754486312958	499,584072022377	1,35313967358933
8,31927967329174	4,58400671830364	7,05643375310732	4,72495917062273	3,75804707041677	498,059859727099	0,87973385224541
8,45693809671809	5,14426024626531	7,44840147896722	6,95153932086911	6,80440375369527	500,06480708287	0,77497854869998
8,9726986488281	3,39682995573164	7,51860602769359	7,32961457968129	5,55483134954011	500,181511549493	-0,0980469845810643
10,6798921497617	5,56258702340633	10,8380263297325	5,9479203862863	4,3109584899916	499,980573133189	1,38131241576206
10,1926468022935	2,82462090480224	8,63107247923367	7,97823211908309	6,23495119259968	499,552699462973	1,75078176451755
10,0642284648587	4,45307299001053	9,5572591778751	7,09085923042363	6,21359760393958	500,661570364788	-0,528740473666752
10,0352033111024	4,62591907427637	7,96517956288778	7,58500835381085	5,93763617244475	501,608691133624	1,49935279778131
9,21325452820489	4,89541155844618	8,64818372746653	6,83565959175401	6,66437689948155	499,249797551535	2,3167960613331
9,39873922226639	5,13632038475701	8,72457355298965	8,5288156607091	8,01928666325005	501,213130826949	0,779348579919856
10,5769446659317	7,20046191582456	9,45132168523872	6,79982643809215	3,7254540702504	500,647560994481	-0,253729210710067
11,0287388140989	3,93934046517365	9,97061581998408	8,051054112393	5,85221834333971	500,727474339465	1,03315950435581
10,5382285889779	5,05102268855853	7,6262669835573	6,15194820655447	3,51765395803944	498,953665150823	-0,747753808502033
10,3888000098524	6,08773516366361	9,3124055218662	7,78707138154418	6,2006347207756	500,855941522537	1,68670703635414
10,983545289866	5,65725637465959	10,8758548139162	9,28731525522295	8,09639412535555	500,454752803243	1,4733374649159
10,1329825336817	4,52402316827515	9,14430506224645	7,064751122383	6,41659317384828	499,603123920081	1,02337933636508
9,69130565144017	6,05639022057094	9,17868135558353	7,57750813815359	6,47235166088839	499,60631347816	1,12863193723213
10,7918413588489	3,70772930834507	9,58277850182447	6,92827735906524	4,85260924387025	499,432092265597	1,10768867451988
9,62500589287596	4,91779030630482	8,73648683606466	6,24731916711379	4,90951582068962	498,966906313336	0,66161910313483
11,5331627282344	4,17510276038302	9,09992296724806	8,92936827302459	8,19291992399811	501,898002293305	2,75436217976545
9,5719193776062	3,8876336170886	8,34289419937427	6,16255321863545	4,62077541455271	499,749280843617	-0,101110621736819
9,37428113159292	5,4696969748253	7,92505788903251	7,48117714605015	7,61587496042488	500,430777536301	2,03893314849586
9,89095946046836	5,07029949237834	10,5317987684773	6,56605726504888	5,48966413732171	500,768087344092	2,41840576679278
10,5928110610136	4,457389334154	8,84788984712011	6,99286018423522	5,18866468546206	499,61964611804	0,980935105693951
9,99128414210657	4,07969468383661	7,92872823176056	7,92402713763337	6,69015243514211	501,041188698201	2,0191734978839
11,7636778710751	6,17663294042734	10,4952449365562	7,75144621773097	6,25573069201675	500,520587285585	2,02691782673875
9,62858678468304	5,13296381403713	9,76563150070697	6,44293683205354	6,94402861953298	499,132822702046	0,596583552482266
9,36720649726883	5,17239173046819	9,07770658644963	7,21614016639024	5,00432960061544	499,854325676781	0,271827009602522
11,0457214592617	4,67118524431766	10,0286987078302	6,76795579638419	6,72464908449749	500,593215783639	1,96199085440743
9,48757260731259	2,95018293468375	8,27206144590484	5,55402565538341	4,46139050119518	500,056048105107	1,44266812697699
9,88257025704074	2,58263137226186	8,57190436304962	4,77635089509144	4,58489237318663	496,972760309131	1,24713105582831
10,3140426350859	4,57675040453615	8,58990636261569	7,77159542419814	6,42193098659175	500,006877615389	0,316099160607268
9,7908839709476	5,7770299986027	8,96963204339595	7,45919622776281	5,8247472658376	500,67834986882	-0,471994429327136
8,45957239688303	3,594527623209	6,92307133236547	6,66887673112901	5,05987966194192	500,024024087853	0,427425639668728
10,2771900777363	5,45235612282042	8,99699583397137	5,17798423083748	4,72891327298188	498,658304029375	0,309790750213782
9,60506591066651	4,31811848665568	9,05116734892741	6,14786059465302	5,70333215767545	499,260164101369	3,09941654684909
10,0996595002707	4,81268652680447	8,82609947643894	6,69222032282282	5,89594035167211	499,386429011015	0,430876164144407
11,76074105567	6,62819791886363	8,94183060034596	6,58047423234642	6,8357383345551	498,554230126165	2,74152157416997
8,84620877114336	4,8368025024239	8,46287410593471	6,35441935594788	5,06678334697176	499,608123877713	0,514675347015448
11,4823748752262	5,85863983320916	10,6169796198366	7,56824242098412	7,03683291836131	500,663455347907	1,84948992060572
10,4982761332194	3,91166846123219	10,0750878260578	6,61199078562975	6,11816860504869	498,858092564965	-0,979470328126939
